ferret/obj/amd64-linux.gcc/include/cass_dist.h:116	0.265312830144
ferret/obj/amd64-linux.gcc/src/emd.c:385	0.0146613452283
ferret/obj/amd64-linux.gcc/src/emd.c:380	0.0279610282897
ferret/obj/amd64-linux.gcc/src/emd.c:383	0.01689165395
ferret/obj/amd64-linux.gcc/src/lsh/LSH_query.c:257	0.0146848221622
ferret/obj/amd64-linux.gcc/src/emd.c:353	0.0211644559221
ferret/obj/amd64-linux.gcc/src/emd.c:350	0.0371170325156
ferret/obj/amd64-linux.gcc/src/emd.c:355	0.013135344524
ferret/obj/amd64-linux.gcc/benchmark/ferret-parallel.c:253	0.0110693743397
ferret/obj/amd64-linux.gcc/src/emd.c:420	0.0239347341237
ferret/obj/amd64-linux.gcc/src/emd.c:423	0.063810306374
ferret/obj/amd64-linux.gcc/src/emd.c:422	0.0895058105411
ferret/obj/amd64-linux.gcc/src/emd.c:699	0.083096607583
ferret/obj/amd64-linux.gcc/src/emd.c:695	0.0199671322925
ferret/obj/amd64-linux.gcc/src/util.c:284	0.0140861603475
ferret/obj/amd64-linux.gcc/src/dist.c:337	0.0413428806198
