streamcluster/obj/amd64-linux.gcc/parsec_barrier.cpp:151	0.367395156527
streamcluster/obj/amd64-linux.gcc/parsec_barrier.cpp:184	0.353219137626
