raytrace/obj/amd64-linux.gcc/MiniView/ObjParser.hxx:149	0.0530759951749
raytrace/obj/amd64-linux.gcc/MiniView/ObjParser.hxx:453	0.834740651387
raytrace/obj/amd64-linux.gcc/MiniView/ObjParser.hxx:142	0.0711700844391
raytrace/obj/amd64-linux.gcc/MiniView/ObjParser.hxx:144	0.0120627261761
raytrace/obj/amd64-linux.gcc/MiniView/rtview.cxx:405	0.0120627261761
