pkgs/kernels/dedup/obj/amd64-linux.gcc/rabin.c:108	0.011409227683
pkgs/kernels/dedup/obj/amd64-linux.gcc/rabin.c:109	0.0102808425276
pkgs/kernels/dedup/obj/amd64-linux.gcc/hashtable.c:219	0.119358074223
pkgs/kernels/dedup/obj/amd64-linux.gcc/dedup.c:21	0.0122868605817
pkgs/kernels/dedup/obj/amd64-linux.gcc/encoder.c:339	0.0200601805416
