vips/src/libsrc/boolean/boolean.c:352	0.0143826830118
vips/src/libsrc/colour/im_XYZ2Lab.c:125	0.0133122647841
vips/src/libsrc/relational/relational.c:644	0.0111884190942
vips/src/libsrc/colour/im_Lab2LabQ.c:99	0.0111034652666
vips/src/libsrc/conversion/im_recomb.c:110	0.079185462701
vips/src/libsrc/mosaicing/im_affine.c:591	0.0492562292394
vips/src/libsrc/mosaicing/im_affine.c:600	0.103856054235
vips/src/libsrc/colour/im_Lab2XYZ.c:98	0.013210320191
vips/src/libsrc/arithmetic/im_lintra.c:236	0.131618965092
vips/src/libsrc/conversion/im_extract.c:118	0.0251293422025
vips/src/libsrc/conversion/im_extract.c:117	0.0233028349092
vips/src/libsrc/colour/im_Lab2XYZ.c:85	0.0133037694013
vips/src/libsrc/colour/im_XYZ2Lab.c:141	0.0156994673395
vips/src/libsrc/arithmetic/im_lintra.c:173	0.0121399019633
vips/src/libsrc/convolution/im_convsep.c:352	0.151481169984
vips/src/libsrc/colour/im_LabQ2Lab.c:84	0.0104748069424
vips/src/libsrc/colour/im_LabQ2Lab.c:86	0.0129384679427
